%¼ÆËãÀûË°
A=[3586483 1829214 2392866 6727716 17201878]; 
B=[71.05 20.99 6.05 1.25 0.55];
C=[42000 4680 5030 12700 10900];
lishui=A.*B + C